v 0 1 1
v 1 2 1
v 2 3 1
v 3 4 1
v 4 5 1
v 5 6 1
v 6 7 1
v 7 8 1
v 8 9 1
v 9 10 1
v 10 11 1
v 11 12 1
v 12 13 1
v 13 14 1
v 14 15 1
v 15 16 1
v 16 17 1
v 17 18 1
v 18 19 1
v 19 20 1
v 20 1 2
v 21 2 2
v 22 3 2
v 23 4 2
v 24 5 2
v 25 6 2
v 26 7 2
v 27 8 2
v 28 9 2
v 29 10 2
v 30 11 2
v 31 12 2
v 32 13 2
v 33 14 2
v 34 15 2
v 35 16 2
v 36 17 2
v 37 18 2
v 38 19 2
v 39 20 2
v 40 1 3
v 41 2 3
v 42 3 3
v 43 4 3
v 44 5 3
v 45 6 3
v 46 7 3
v 47 8 3
v 48 9 3
v 49 10 3
v 50 11 3
v 51 12 3
v 52 13 3
v 53 15 3
v 54 16 3
v 55 17 3
v 56 18 3
v 57 19 3
v 58 20 3
v 59 1 4
v 60 2 4
v 61 3 4
v 62 4 4
v 63 5 4
v 64 6 4
v 65 7 4
v 66 8 4
v 67 9 4
v 68 10 4
v 69 15 4
v 70 16 4
v 71 17 4
v 72 18 4
v 73 19 4
v 74 20 4
v 75 1 5
v 76 2 5
v 77 3 5
v 78 8 5
v 79 13 5
v 80 14 5
v 81 15 5
v 82 16 5
v 83 17 5
v 84 18 5
v 85 19 5
v 86 20 5
v 87 1 6
v 88 2 6
v 89 3 6
v 90 8 6
v 91 13 6
v 92 14 6
v 93 15 6
v 94 16 6
v 95 17 6
v 96 18 6
v 97 19 6
v 98 20 6
v 99 1 7
v 100 2 7
v 101 3 7
v 102 6 7
v 103 7 7
v 104 8 7
v 105 9 7
v 106 10 7
v 107 15 7
v 108 16 7
v 109 17 7
v 110 18 7
v 111 19 7
v 112 20 7
v 113 1 8
v 114 2 8
v 115 3 8
v 116 6 8
v 117 7 8
v 118 8 8
v 119 9 8
v 120 10 8
v 121 11 8
v 122 12 8
v 123 13 8
v 124 15 8
v 125 16 8
v 126 17 8
v 127 18 8
v 128 19 8
v 129 20 8
v 130 1 9
v 131 2 9
v 132 3 9
v 133 6 9
v 134 7 9
v 135 8 9
v 136 9 9
v 137 10 9
v 138 11 9
v 139 12 9
v 140 13 9
v 141 14 9
v 142 15 9
v 143 19 9
v 144 20 9
v 145 1 10
v 146 2 10
v 147 3 10
v 148 19 10
v 149 20 10
v 150 1 11
v 151 2 11
v 152 3 11
v 153 19 11
v 154 20 11
v 155 1 12
v 156 2 12
v 157 3 12
v 158 19 12
v 159 20 12
v 160 1 13
v 161 2 13
v 162 3 13
v 163 6 13
v 164 7 13
v 165 8 13
v 166 10 13
v 167 11 13
v 168 12 13
v 169 13 13
v 170 15 13
v 171 19 13
v 172 20 13
v 173 1 14
v 174 2 14
v 175 3 14
v 176 6 14
v 177 7 14
v 178 8 14
v 179 15 14
v 180 16 14
v 181 17 14
v 182 18 14
v 183 19 14
v 184 20 14
v 185 1 15
v 186 2 15
v 187 3 15
v 188 8 15
v 189 12 15
v 190 13 15
v 191 14 15
v 192 15 15
v 193 16 15
v 194 17 15
v 195 18 15
v 196 19 15
v 197 20 15
v 198 1 16
v 199 2 16
v 200 3 16
v 201 8 16
v 202 9 16
v 203 10 16
v 204 14 16
v 205 15 16
v 206 16 16
v 207 17 16
v 208 18 16
v 209 19 16
v 210 20 16
v 211 1 17
v 212 2 17
v 213 3 17
v 214 8 17
v 215 12 17
v 216 13 17
v 217 15 17
v 218 16 17
v 219 17 17
v 220 18 17
v 221 19 17
v 222 20 17
v 223 1 18
v 224 2 18
v 225 3 18
v 226 4 18
v 227 5 18
v 228 6 18
v 229 7 18
v 230 8 18
v 231 15 18
v 232 16 18
v 233 17 18
v 234 18 18
v 235 19 18
v 236 20 18
v 237 1 19
v 238 2 19
v 239 3 19
v 240 4 19
v 241 5 19
v 242 6 19
v 243 7 19
v 244 8 19
v 245 10 19
v 246 11 19
v 247 12 19
v 248 13 19
v 249 15 19
v 250 16 19
v 251 17 19
v 252 18 19
v 253 19 19
v 254 20 19
v 255 1 20
v 256 2 20
v 257 3 20
v 258 4 20
v 259 5 20
v 260 6 20
v 261 7 20
v 262 8 20
v 263 9 20
v 264 10 20
v 265 11 20
v 266 12 20
v 267 13 20
v 268 14 20
v 269 15 20
v 270 16 20
v 271 17 20
v 272 18 20
v 273 19 20
v 274 20 20
e 216 215 204
e 217 218 205 231 204 232
e 214 201 230 202 229 203 228 227
e 215 216 204
e 212 211 213 199 224 198 225
e 213 212 200 225 199 226 227
e 210 209 197 222 196
e 211 212 198 223 224
e 127 128 126 110 143 109 148 153
e 265 264 266 246 245
e 218 217 219 206 232 205 233
e 219 218 220 207 233 206 234
e 133 134 116
e 227 228 226 241 242 213 214
e 131 130 132 114 146 113 147
e 130 131 113 145 146
e 137 136 138 120 119
e 136 137 135 119 118
e 135 134 136 118 117
e 134 133 135 117 116
e 95 94 96 83 109 82 110
e 139 140 138 122 121
e 138 137 139 121 120
e 225 226 224 239 213 240 212
e 24 25 23 4 44 45 3
e 25 24 26 5 45 4 46
e 26 25 27 6 46 5 47
e 27 26 28 7 47 6 48
e 20 21 0 40 41
e 21 20 22 1 41 0 42
e 22 23 21 2 42 1 43
e 23 22 24 3 43 2 44
e 223 224 237 211 238
e 28 29 27 8 48 49 7
e 29 28 30 9 49 8 50
e 94 93 95 82 108 81 109
e 0 1 20 21
e 97 96 98 85 111 84 112
e 8 9 7 28 29
e 96 97 95 84 110 111 83
e 87 88 75 99 100
e 120 119 121 137 106 138 105
e 262 261 263 244 243
e 122 123 121 139 140 106
e 123 122 140
e 267 266 268 248 247
e 266 267 265 247 246
e 126 125 127 109 108
e 264 263 265 245
e 128 127 129 143 111 110 144
e 16 15 17 36 37
e 269 268 270 249
e 268 269 267 249 248 231
e 224 223 225 238 212 239 211
e 91 92 79
e 59 60 75 40 76
e 58 57 39 74 38
e 132 131 115 147 114
e 55 54 56 36 71 35 72
e 54 53 55 35 70 34 71
e 57 56 58 38 73 37 74
e 56 57 55 37 72 73 36
e 51 52 50 31 30 68
e 258 257 259 240 239
e 53 54 34 69 33 70
e 52 51 32 31 68
e 259 260 258 241 240
e 90 78 104
e 201 202 188 214 177
e 199 198 200 186 212 185 213
e 198 199 185 211 212
e 200 199 187 213 186
e 195 196 194 208 182 209 181
e 194 193 195 207 181 208 180
e 197 196 210 184 183
e 196 195 197 209 183 210 182
e 191 192 190 204 205
e 190 189 191 204
e 193 192 194 206 180 207 179
e 192 191 193 205 179 206
e 115 114 132 101 100
e 68 67 49 48 50 51 52
e 272 273 271 252 251
e 273 272 274 253 252
e 111 110 112 97 128 96 129
e 110 111 109 96 127 128 95
e 113 114 130 99 131
e 176 177 163
e 82 81 83 70 94 69 95
e 142 141 124
e 80 81 79 92 93
e 81 80 82 69 93 94
e 119 120 118 136 105 137 104
e 118 117 119 135 104 136 103
e 84 85 83 72 96 97 71
e 85 84 86 73 97 72 98
e 251 250 252 233 271 232 272
e 207 206 208 194 219 193 220
e 108 107 109 94 125 93 126
e 256 255 257 238 237
e 206 205 207 193 218 192 219
e 226 225 227 240 241 213
e 172 171 184 159 158
e 35 34 36 15 54 14 55
e 3 2 4 23 24
e 129 128 144 112 111
e 254 253 236 274 235
e 7 6 8 27 28
e 170 179
e 166 167
e 178 177 165 188 164
e 244 243 230 262 229 263
e 247 248 246 266 267
e 109 108 110 95 126 94 127
e 241 242 240 227 259 226 260
e 240 239 241 226 258 225 259
e 243 242 244 229 261 228 262
e 242 241 243 228 260 227 261
e 102 103 116 117
e 103 102 104 117 118
e 100 99 101 88 114 87 115
e 101 100 89 115 88
e 106 105 120 121 122
e 248 247 267 268
e 104 103 105 90 118 119
e 105 106 104 119 120
e 245 246 264 263 265
e 39 38 19 58 18
e 38 37 39 18 57 17 58
e 167 166 168
e 33 34 32 13 53 12
e 32 31 33 12 52 11
e 31 32 30 11 51 52 10
e 30 29 31 10 50 9 51
e 37 38 36 17 56 57 16
e 36 35 37 16 55 15 56
e 177 176 178 164 163 188 201
e 34 33 35 14 53 13 54
e 246 245 247 265 266
e 88 87 89 76 100 75 101
e 125 124 126 108 107
e 271 270 272 251 250
e 86 85 74 98 73
e 60 59 61 76 41 77 40
e 61 62 60 77 42 41
e 62 61 63 43 42
e 63 64 62 44 43
e 64 63 65 45 44
e 65 64 66 46 45
e 66 65 67 78 47 46
e 67 68 66 48 47
e 252 253 251 234 272 233 273
e 253 252 254 235 273 234 274
e 175 174 162 187 161
e 174 173 175 161 186 160 187
e 173 174 160 185 186
e 257 258 256 239 238
e 171 172 183 158 182 184 181
e 255 256 237
e 222 221 210 236 209
e 69 70 81 53 82
e 181 180 182 194 195 171
e 145 146 130 150 151
e 107 108 93 124 92 125
e 182 183 181 195 171 196
e 183 182 184 171 196 197
e 180 179 181 193 194
e 2 3 1 22 23
e 162 161 175 157 156
e 187 186 200 175 174
e 184 183 172 197 171
e 6 5 7 26 27
e 186 185 187 199 174 200 173
e 250 249 251 232 270 231 271
e 189 190
e 4 5 3 24 25
e 179 180 170 192 193
e 185 186 198 173 199
e 99 100 87 113 114
e 98 97 86 112 85
e 163 164 176 177
e 168 169 167
e 169 168
e 229 228 230 243 244 214
e 228 227 229 242 243 214
e 164 163 165 177 178
e 165 164 178
e 93 92 94 81 107 80 108
e 92 93 91 80 107 79
e 160 161 173 155 174
e 161 160 162 174 156 175 155
e 221 220 222 209 235 208 236
e 220 221 219 208 234 207 235
e 11 12 10 31 32
e 10 9 11 30 31
e 13 14 12 33 34
e 12 11 13 32 33
e 15 14 16 35 36
e 14 13 15 34 35
e 17 18 16 37 38
e 114 113 115 131 100 132 99
e 19 18 39
e 18 17 19 38 39
e 143 144 128 148 127 149
e 188 201 178 202 177 203
e 117 116 118 134 103 135 102
e 116 117 133 102 134
e 274 273 254 253
e 151 150 152 146 156 145 157
e 150 151 145 155 156
e 153 154 148 158 159 127
e 152 151 147 157 146
e 155 156 150 160 161
e 154 153 149 159 148
e 157 156 152 162 151
e 156 155 157 151 161 150 162
e 159 158 154 172 153
e 158 159 153 171 172
e 112 111 98 129 97
e 238 237 239 224 256 223 257
e 239 240 238 225 257 224 258
e 83 82 84 71 95 70 96
e 234 235 233 252 220 253 219
e 235 234 236 253 221 254 220
e 236 235 254 222 221
e 237 238 223 255 256
e 230 229 244 214
e 231 232 249 217 250 204 268
e 232 231 233 250 218 251 217
e 233 232 234 251 219 252 218
e 48 49 47 28 67 68 27
e 49 48 50 29 68 28
e 46 45 47 26 65 25 66
e 47 46 48 27 66 26 67
e 44 45 43 24 63 23 64
e 45 44 46 25 64 24 65
e 42 43 41 22 61 21 62
e 43 42 44 23 62 22 63
e 40 41 20 59 60
e 41 40 42 21 60 20 61
e 1 0 2 21 22
e 5 4 6 25 26
e 9 8 10 29 30
e 146 145 147 131 151 130 152
e 147 146 132 152 131
e 203 202 188 214
e 202 203 201 188 214
e 205 204 206 192 217 191 218
e 204 205 191 217 190 216 215 231
e 140 139 141 123 122
e 141 142 140
e 209 208 210 196 221 195 222
e 208 209 207 195 220 221 194
e 148 149 143 153 154 127
e 149 148 144 154 143
e 77 76 61 89 60
e 76 75 77 60 88 59 89
e 75 76 59 87 88
e 74 73 86 58 57
e 73 72 74 85 57 56 86
e 72 73 71 84 56 85 55
e 71 70 72 83 55 84 54
e 70 69 71 82 54 83 53
e 79 80 91 92
e 78 66 90
e 263 264 262 245 244
e 144 143 129 149 128
e 249 250 231 269 268 270
e 121 120 122 138 139 106
e 261 260 262 243 242
e 270 269 271 250 249
e 89 88 77 101 76
e 260 259 261 242 241
e 124 125 142 107
e 50 49 51 30 29 68

